-20130121234203
-20130121234208
-20130124155256
-20130124155303
-20130124155311
-20130124155315
-20130124170738
-20130124170742
-20130129101758
-20130130124047
-20130130124056
-20130130124111
-20130130124231
-20130130124257
-20130130124340
-20130130124400
-20130130124416
-20130130124758
-20130130124801
-20130130124855
-20130130124933
-20130130124937
-20130130125004
-20130130125152
-20130130125531
-20130130125543
-20130130125613
-20130130125623
-20130130125641
-20130130125646
-20130130125651
-20130130125711
-20130130125735
-20130130140547
-20130130140626
-20130130140634
-20130130140640
-20130130140649
-20130130140659
-20130130140706
-20130130140709
-20130130140856
-20130130141042
-20130130141130
-20130130141211
-20130130141320
-20130130141340
-20130130141406
-20130130141413
-20130130141419
-20130130142439
-20130130142451
-20130130142604
-20130130145602
-20130130145634
-20130130145643
-20130130145651
-20130130145710
-20130130145716
-20130130145722
-20130130145745
-20130130145800
-20130130145811
-20130130145921
-20130130145932
-20130130145941
-20130209132529
-20130209132653
-20130209132704
-20130209132717
-20130209132729
-20130209132734
-20130209133147
-20130209133203
-20130209133207
-20130209133353
-20130209133406
-20130209133414
-20130209133437
-20130209133443
-20130209133503
-20130209133506
-20130209133521
-20130209154604
-20130209154607
-20130225133431
-20130225133503
-20130225133522
-20130225133527
-20130225133635
-20130225133717
-20130225133731
-20130225133741
-20130225133748
-20130225133756
-20130225133806
-20130225134001
-20130225134039
-20130225134051
-20130225134101
-20130225134109
-20130225134227
-20130225134234
-20130225134438
-20130225143256
-20130225143301
-20130225145234
-20130225145243
-20130225145246
-20130225145250
-20130225145313
-20130225145321
-20130225145326
-20130225145334
-20130305094820
-20130305095324
-20130305095331
-20130305095338
-20130305095347
-20130305095353
-20130305095410
-20130305095414
-20130305095454
-20130305095504
-20130305095510
-20130305095515
-20130305095630
-20130305095637
-20130305095645
-20130305095702
-20130305095710
-20130305095714
-20130305095717
-20130305095745
-20130305095750
-20130305095754
-20130305095801
-20130305095817
-20130305095822
-20130305100318
-20130305100422
-20130305100427
-20130305100511
-20130305100827
-20130305100834
-20130305100845
-20130305100849
-20130305100854
-20130305100857
-20130305101344
-20130305101404
-20130305101407
-20130305101414
-20130305101545
-20130305101604
-20130305101615
-20130305101617
-20130305101623
-20130305101625
-20130305112939
-20130305114333
-20130305114335
-20130305114349
-20130305114350
-20130305114355
-20130305114405
-20130305114407
-20130305114410
-20130305114420
-20130305114430
-20130305114436
-20130305114446
-20130305114451
-20130305114528
-20130305114530
-20130305114536
-20130305114708
-20130305114713
-20130305114715
-20130305115012
-20130305115023
-20130305115027
-20130305115036
-20130305115042
-20130305115056
-20130305115103
-20130305115235
-20130305115242
-20130305115245
-20130305115248
-20130305115306
-20130305115307
-20130305115356
-20130305115406
-20130305115414
-20130305115421
-20130305121306
-20130305121311
-20130305121315
-20130305121340
-20130305121403
-20130305121406
-20130305121415
-20130305121607
-20130305121626
-20130305121638
-20130305121710
-20130305121720
-20130305121722
-20130305121735
-20130305121800
-20130305121809
-20130305121833
-20130305121841
-20130305121852
-20130305121901
-20130305121903
-20130305121920
-20130305121926
-20130305121928
-20130305121938
-20130305121952
-20130305122009
-20130305122149
-20130305122207
-20130305122223
-20130305122341
-20130305122354
-20130305122432
-20130305122437
-20130305122454
-20130305122458
-20130305122508
-20130305122532
-20130305122602
-20130305122605
-20130305122608
-20130305122614
-20130305122646
-20130305122707
-20130305122727
-20130305122820
-20130305122841
-20130305122855
-20130305122909
-20130305123049
-20130305123051
-20130305123052
-20130305123105
-20130305123111
-20130305123116
-20130305123141
-20130305123151
-20130305123232
-20130305123321
-20130305123359
-20130305123413
-20130305124215
-20130305124216
-20130305124217
-20130305124232
-20130305124240
-20130305124253
-20130305124257
-20130305124302
-20130305124317
-20130305124346
-20130305125213
-20130305125215
-20130305125216
-20130305125223
-20130305125230
-20130305125236
-20130305125245
-20130305125301
-20130305125638
-20130305125640
-20130305125642
-20130305125647
-20130305125652
-20130305125658
-20130305125706
-20130305125725
-20130305125809
-20130305130103
-20130305130106
-20130305130108
-20130305130112
-20130305130131
-20130305130151
-20130305130155
-20130305142226
-20130305142231
-20130305142233
-20130305142242
-20130305142247
-20130305142250
-20130305142322
-20130305142329
-20130305142333
-20130305142337
-20130305142428
-20130305142429
-20130305142430
-20130305142437
-20130305142440
-20130305142444
-20130305142451
-20130305142457
-20130305142503
-20130305142509
